MutagenObjectType: PlacedObject
FormKey: 0022B2:JunkInYourTrunk_v2.esm
Base: 099C80:Starfield.esm
ProjectedDecal:
  WidthScale: 1
  HeightScale: 1
  UnknownFloat: 0.2
  UnknownInt: 2880154369
ProjectedDecalReferences:
- 17AC71:Starfield.esm
ConstrainedDecal: 4, 2, 0.5
Position: 1.8676324, -0.21981418, 1.2165183
Rotation: 3.1415927, -0.44843942, 1.5707964
