MutagenObjectType: PlacedObject
FormKey: 002359:JunkInYourTrunk_v2.esp
MajorRecordFlagsRaw: 256
StarfieldMajorRecordFlags:
- 0x100
Base: 09A688:Starfield.esm
Radius: -0.3855796
Lighting:
  Fov90PlusMinus: -91.42453
  Fade1PlusMinus: 0.59018385
  Unknown1: 2880154539
  Unknown2: 2880154368
LightArea:
  Data: 0x00000000000000000000000000000000
Layer: 08CC6A:Starfield.esm
LightRoundedness:
  Data: 0x0000000000000000000000000000000001ABABAB
Position: -3.6183815, 0.89996433, -0.10468006
