MutagenObjectType: PlacedObject
FormKey: 002CC9:JunkInYourTrunk_v2.esp
Base: 1F568E:Starfield.esm
ProjectedDecal:
  WidthScale: 1
  HeightScale: 1
  UnknownFloat: 0.4
  UnknownInt: 2880154369
ProjectedDecalReferences:
- 002CB3:JunkInYourTrunk_v2.esp
ConstrainedDecal: 5.9500017, 5.780002, 0.75
Position: 4, -1.0550092, -1.1137831
Rotation: -2.2866073, 1.5707964, 5.0681715
