MutagenObjectType: PlacedObject
FormKey: 002233:JunkInYourTrunk_v2.esp
Base: 1F5688:Starfield.esm
ProjectedDecal:
  WidthScale: 1
  HeightScale: 1
  UnknownFloat: 0.6
  UnknownInt: 2880154369
ProjectedDecalReferences:
- 192035:Starfield.esm
ConstrainedDecal: 4, 2, 0.75
Position: 1.4414989, 0.061543286, -3.2084217
Rotation: -0.25047234, 0.38160595, 3.0466096
