MutagenObjectType: PlacedObject
FormKey: 002227:JunkInYourTrunk_v2.esm
Base: 1F5673:Starfield.esm
ProjectedDecal:
  WidthScale: 1
  HeightScale: 1
  UnknownFloat: 0.2
  UnknownInt: 2880154369
ProjectedDecalReferences:
- 192035:Starfield.esm
ConstrainedDecal: 2.960001, 2.6300013, 2
Position: -2.795392, 1.9295098, -0.5647081
Rotation: -1.208832, -0.97905123, 3.4955125
