MutagenObjectType: PlacedObject
FormKey: 003679:JunkInYourTrunk_v2.esp
FormVersion: 559
Base: 1F5630:Starfield.esm
ReferenceGroup: 29DE94:Starfield.esm
ProjectedDecal:
  WidthScale: 1
  HeightScale: 1
  UnknownFloat: 0.2
  UnknownInt: 2880154369
ProjectedDecalReferences:
- 003661:JunkInYourTrunk_v2.esp
- 003664:JunkInYourTrunk_v2.esp
- 003666:JunkInYourTrunk_v2.esp
- 003665:JunkInYourTrunk_v2.esp
ConstrainedDecal: 4.9800014, 5.490004, 2.131243
Position: 2.8721313, -1.8690503, 0.5551971
Rotation: 0, 1.570308, 3.1415927
