MutagenObjectType: PlacedObject
FormKey: 003676:JunkInYourTrunk_v2.esp
FormVersion: 559
Base: 1F5634:Starfield.esm
ReferenceGroup: 29DE94:Starfield.esm
ProjectedDecal:
  WidthScale: 1
  HeightScale: 1
  UnknownFloat: 0.4
  UnknownInt: 2880154369
ProjectedDecalReferences:
- 003661:JunkInYourTrunk_v2.esp
- 003664:JunkInYourTrunk_v2.esp
- 003666:JunkInYourTrunk_v2.esp
- 003665:JunkInYourTrunk_v2.esp
ConstrainedDecal: 5.110002, 6.750006, 2.3377857
Position: -3.0880158, 0.14022827, -0.05566156
Rotation: 1.6427766, -1.5698829, 4.669613
