MutagenObjectType: PlacedObject
FormKey: 002333:JunkInYourTrunk_v2.esp
Base: 099C9B:Starfield.esm
ProjectedDecal:
  WidthScale: 1
  HeightScale: 1
  UnknownFloat: 0.8
  UnknownInt: 2880154369
ProjectedDecalReferences:
- 002329:JunkInYourTrunk_v2.esp
ConstrainedDecal: 2.749999, 2.8799977, 2.8143368
Position: 2.5266917, 3.2474213, -1.1835701
Rotation: -1.7243032, -0.028664451, 1.5707964
