MutagenObjectType: PlacedObject
FormKey: 001F16:JunkInYourTrunk_v2.esm
Base: 0C3D85:Starfield.esm
ProjectedDecal:
  WidthScale: 1
  HeightScale: 1
  UnknownFloat: 0.27500042
  UnknownInt: 2880154369
ConstrainedDecal: 1.2100013, 1.0400003, 0.5
Position: 2.7846463, -3.9000673, 0.91314185
Rotation: 1.4285743, -0.10325567, 6.2831855
