MutagenObjectType: PlacedObject
FormKey: 0022E1:JunkInYourTrunk_v3.esm
Base: 1F568E:Starfield.esm
ProjectedDecal:
  WidthScale: 1
  HeightScale: 1
  UnknownFloat: 0.6
  UnknownInt: 2880154369
ProjectedDecalReferences:
- 17AC61:Starfield.esm
ConstrainedDecal: 1.6299988, 1.8899999, 0.75
Position: 0.74292874, 0.7835933, -0.6639186
Rotation: -8.7194144E-07, 1.204231, 6.0415916
