MutagenObjectType: PlacedObject
FormKey: 00230C:JunkInYourTrunk_v3.esm
Base: 1F568E:Starfield.esm
ProjectedDecal:
  WidthScale: 1
  HeightScale: 1
  UnknownFloat: 0.6
  UnknownInt: 2880154369
ProjectedDecalReferences:
- 17AC61:Starfield.esm
ConstrainedDecal: 1.6299988, 1.8899999, 0.75
Position: 3.322486, 0.5529432, 1.0175694
Rotation: 3.1415925, 1.0444596, 5.262993
