MutagenObjectType: PlacedObject
FormKey: 003634:JunkInYourTrunk_v2.esp
FormVersion: 559
Base: 1F5634:Starfield.esm
ReferenceGroup: 29DE76:Starfield.esm
ProjectedDecal:
  WidthScale: 1
  HeightScale: 1
  UnknownFloat: 0.2
  UnknownInt: 2880154369
ProjectedDecalReferences:
- 00361C:JunkInYourTrunk_v2.esp
- 00361F:JunkInYourTrunk_v2.esp
- 00361E:JunkInYourTrunk_v2.esp
- 003620:JunkInYourTrunk_v2.esp
ConstrainedDecal: 5.1100025, 6.750006, 2.9696646
Position: -3.0076246, 0.854861, 0.7858576
Rotation: 3.1415927, -0.18394345, 0
