MutagenObjectType: PlacedObject
FormKey: 001859:JunkInYourTrunk_v2.esp
Base: 002210:JunkInYourTrunk_v2.esp
Rotation: 1.5707963, 3.1415925, 1.5707963
