MutagenObjectType: PlacedObject
FormKey: 002427:JunkInYourTrunk_v2.esm
FormVersion: 559
Base: 1F5634:Starfield.esm
ReferenceGroup: 29DE80:Starfield.esm
ProjectedDecal:
  WidthScale: 1
  HeightScale: 1
  UnknownFloat: 0.4
  UnknownInt: 2880154369
ProjectedDecalReferences:
- 002412:JunkInYourTrunk_v2.esm
- 00240A:JunkInYourTrunk_v2.esm
- 002410:JunkInYourTrunk_v2.esm
- 00240E:JunkInYourTrunk_v2.esm
ConstrainedDecal: 5.110002, 6.750006, 1.6024061
Position: 2.3178782, 0.56378865, 1.7028953
Rotation: 3.1415927, 0.39185342, 0
