MutagenObjectType: PlacedObject
FormKey: 00242A:JunkInYourTrunk_v2.esm
FormVersion: 559
Base: 1F5630:Starfield.esm
ReferenceGroup: 29DE80:Starfield.esm
ProjectedDecal:
  WidthScale: 1
  HeightScale: 1
  UnknownFloat: 0.2
  UnknownInt: 2880154369
ProjectedDecalReferences:
- 002412:JunkInYourTrunk_v2.esm
- 00240A:JunkInYourTrunk_v2.esm
- 002410:JunkInYourTrunk_v2.esm
- 00240E:JunkInYourTrunk_v2.esm
ConstrainedDecal: 4.980001, 5.490004, 0.5
Position: 2.7801995, -1.1563317, -0.5749891
Rotation: -1.8240578, -1.5707964, 4.9656506
