MutagenObjectType: PlacedObject
FormKey: 00224A:JunkInYourTrunk_v3.esm
Base: 1F5655:Starfield.esm
ProjectedDecal:
  WidthScale: 1
  HeightScale: 1
  UnknownFloat: 0.19999996
  UnknownInt: 2880154369
ProjectedDecalReferences:
- 23282E:Starfield.esm
ConstrainedDecal: 6.2400026, 7.0389285, 3.876517
Position: -0.081531286, -5.1758575, 2.5727954
Rotation: 2.6502728, -0.039830215, 1.5707964
