MutagenObjectType: PlacedObject
FormKey: 003637:JunkInYourTrunk_v2.esm
FormVersion: 559
Base: 1F5630:Starfield.esm
ReferenceGroup: 29DE76:Starfield.esm
ProjectedDecal:
  WidthScale: 1
  HeightScale: 1
  UnknownFloat: 0.2
  UnknownInt: 2880154369
ProjectedDecalReferences:
- 00361C:JunkInYourTrunk_v2.esm
- 00361F:JunkInYourTrunk_v2.esm
- 00361E:JunkInYourTrunk_v2.esm
- 003620:JunkInYourTrunk_v2.esm
ConstrainedDecal: 4.9800014, 5.4900045, 1.1494071
Position: 3.5425797, 2.549316, 0.5177456
Rotation: 0, 1.570308, 3.1415927
