MutagenObjectType: PlacedObject
FormKey: 00363A:JunkInYourTrunk_v2.esm
FormVersion: 559
Base: 1F5634:Starfield.esm
ReferenceGroup: 29DE76:Starfield.esm
ProjectedDecal:
  WidthScale: 1
  HeightScale: 1
  UnknownFloat: 0.2
  UnknownInt: 2880154369
ProjectedDecalReferences:
- 00361C:JunkInYourTrunk_v2.esm
- 00361F:JunkInYourTrunk_v2.esm
- 00361E:JunkInYourTrunk_v2.esm
- 003620:JunkInYourTrunk_v2.esm
ConstrainedDecal: 5.110002, 6.750006, 1.6024061
Position: -3.6929905, 2.5176518, -0.018964121
Rotation: 1.6427767, -1.5698829, 4.669613
