MutagenObjectType: PlacedObject
FormKey: 0035EF:JunkInYourTrunk_v2.esm
Base: 1F5630:Starfield.esm
ProjectedDecal:
  WidthScale: 1
  HeightScale: 1
  UnknownFloat: 0.4
  UnknownInt: 2880154369
ProjectedDecalReferences:
- 1684A4:Starfield.esm
ConstrainedDecal: 4.9400015, 5.400002, 0.5
Position: 0.8331191, -4.000002, 0.8541929
Rotation: 1.5707964, -0, 1.5707964
