MutagenObjectType: PlacedObject
FormKey: 00221F:JunkInYourTrunk_v2.esm
FormVersion: 559
Base: 094E12:Starfield.esm
ProjectedDecal:
  WidthScale: 1
  HeightScale: 1
  UnknownFloat: 0.2
  UnknownInt: 2880154369
ProjectedDecalReferences:
- 002214:JunkInYourTrunk_v2.esm
ConstrainedDecal: 3.85, 5.0300035, 4.671199
Position: -0.40576681, 1.913804, -2.836215
Rotation: -0.5494831, -0.069046795, 1.5707964
