MutagenObjectType: PlacedObject
FormKey: 002369:JunkInYourTrunk_v2.esm
Base: 1F5688:Starfield.esm
ProjectedDecal:
  WidthScale: 1
  HeightScale: 1
  UnknownFloat: 0.6
  UnknownInt: 2880154369
ProjectedDecalReferences:
- 2258CC:Starfield.esm
ConstrainedDecal: 1.9800017, 0.73000085, 0.75
Position: -2.5296116, 0.37289047, 0.79118824
Rotation: 1.5707964, -0.34097907, -0
