MutagenObjectType: PlacedObject
FormKey: 004249:JunkInYourTrunk_v2.esp
Base: 1F5606:Starfield.esm
ProjectedDecal:
  WidthScale: 1
  HeightScale: 1
  UnknownFloat: 0.6
  UnknownInt: 2880154369
ProjectedDecalReferences:
- 17AC23:Starfield.esm
ConstrainedDecal: 3, 4, 3.1574273
Position: 1.571667, -1.8748183, 2.6363459
Rotation: 2.760526, 0.4819362, 6.0995927
