MutagenObjectType: PlacedObject
FormKey: 002325:JunkInYourTrunk_v2.esp
FormVersion: 559
Base: 1F5688:Starfield.esm
ProjectedDecal:
  WidthScale: 1
  HeightScale: 1
  UnknownFloat: 0.6
  UnknownInt: 2880154369
ProjectedDecalReferences:
- 002318:JunkInYourTrunk_v2.esp
ConstrainedDecal: 2.930001, 0.8200009, 0.75
Position: 2.387916, -2.2286506, 1.0693505
Rotation: -3.1415927, -0.21908252, -0
