MutagenObjectType: PlacedObject
FormKey: 00228B:JunkInYourTrunk_v3.esm
Base: 1F568E:Starfield.esm
ProjectedDecal:
  WidthScale: 1
  HeightScale: 1
  UnknownFloat: 0.6
  UnknownInt: 2880154369
ProjectedDecalReferences:
- 17AC79:Starfield.esm
ConstrainedDecal: 1.6299987, 1.8899999, 0.9840611
Position: 2.391719, -2.192587, 0.58171755
Rotation: 1.5707964, -0, 1.5707964
