MutagenObjectType: PlacedObject
FormKey: 002286:JunkInYourTrunk_v3.esm
Base: 099C80:Starfield.esm
ProjectedDecal:
  WidthScale: 1
  HeightScale: 1
  UnknownFloat: 0.2
  UnknownInt: 2880154369
ProjectedDecalReferences:
- 17AC79:Starfield.esm
ConstrainedDecal: 2.8000011, 2.2499998, 0.5
Position: 1.0358824, 0.089353666, 0.2904371
Rotation: -3.1415927, -1.346758, 1.5707964
