MutagenObjectType: PlacedObject
FormKey: 0042AC:JunkInYourTrunk_v2.esm
XALG: 0x0008000000000000
Base: 1F5657:Starfield.esm
ProjectedDecal:
  WidthScale: 1
  HeightScale: 1
  UnknownFloat: 0.46100003
  UnknownInt: 1
ProjectedDecalReferences:
- 17AC1B:Starfield.esm
ConstrainedDecal: 3, 3, 2.478293
Position: 2.8277626, 0.1676433, 0.8403325
Rotation: -3.1415927, -0, 1.5707964
