MutagenObjectType: PlacedObject
FormKey: 0035F1:JunkInYourTrunk_v2.esm
Base: 1F5634:Starfield.esm
ProjectedDecal:
  WidthScale: 1
  HeightScale: 1
  UnknownFloat: 0.4
  UnknownInt: 2880154369
ProjectedDecalReferences:
- 1684A4:Starfield.esm
ConstrainedDecal: 5.110002, 6.750006, 0.5
Position: -1.1459436, 4, -0.62412333
Rotation: -1.5707964, -0, 1.5707964
