MutagenObjectType: PlacedObject
FormKey: 002259:JunkInYourTrunk_v2.esm
Base: 1F5674:Starfield.esm
ProjectedDecal:
  WidthScale: 1
  HeightScale: 1
  UnknownFloat: 0.4
  UnknownInt: 2880154369
ProjectedDecalReferences:
- 23282E:Starfield.esm
ConstrainedDecal: 2.4800014, 2.5300014, 2
Position: -2.0413592, 6.5999618, 1.3975778
Rotation: -2.1053152, -0.56225085, 5.9057126
