MutagenObjectType: PlacedObject
FormKey: 002280:JunkInYourTrunk_v2.esm
FormVersion: 559
Base: 099C90:Starfield.esm
ProjectedDecal:
  WidthScale: 1
  HeightScale: 1
  UnknownFloat: 0.6
  UnknownInt: 2880154369
ProjectedDecalReferences:
- 002260:JunkInYourTrunk_v2.esm
ConstrainedDecal: 2.2798805, 0.5400007, 0.5
Position: -7.4825764, -0.10743421, 1.551507
Rotation: -3.1415925, -1.1509804, 1.57
