MutagenObjectType: PlacedObject
FormKey: 003698:JunkInYourTrunk_v2.esm
Base: 099C6A:Starfield.esm
ProjectedDecal:
  WidthScale: 1
  HeightScale: 1
  UnknownFloat: 0.8
  UnknownInt: 2880154369
ProjectedDecalReferences:
- 0F23EA:Starfield.esm
- 0F23EB:Starfield.esm
- 0F23EC:Starfield.esm
ConstrainedDecal: 4.02879, 1.26, 0.5
Position: -3.5429688, 1.723792, 0.7908035
Rotation: 2.4103816, -1.5707964, 2.3020072
