MutagenObjectType: PlacedObject
FormKey: 00233D:JunkInYourTrunk_v3.esm
Base: 1F568E:Starfield.esm
ProjectedDecal:
  WidthScale: 1
  HeightScale: 1
  UnknownFloat: 0.6
  UnknownInt: 2880154369
ProjectedDecalReferences:
- 17AC51:Starfield.esm
ConstrainedDecal: 3.2399979, 3.3199987, 0.75
Position: 1.7023741, -2.7304685, -0.03245748
Rotation: 1.5707964, -0, 2.6179938
