MutagenObjectType: PlacedObject
FormKey: 00365B:JunkInYourTrunk_v2.esp
FormVersion: 559
Base: 1F5630:Starfield.esm
ReferenceGroup: 29DE80:Starfield.esm
ProjectedDecal:
  WidthScale: 1
  HeightScale: 1
  UnknownFloat: 0.2
  UnknownInt: 2880154369
ProjectedDecalReferences:
- 003644:JunkInYourTrunk_v2.esp
- 00363F:JunkInYourTrunk_v2.esp
- 003643:JunkInYourTrunk_v2.esp
- 003642:JunkInYourTrunk_v2.esp
ConstrainedDecal: 4.980001, 5.490004, 0.5
Position: 2.7801995, -1.1563317, -0.5749891
Rotation: -1.8240578, -1.5707964, 4.9656506
