MutagenObjectType: PlacedObject
FormKey: 0021F0:JunkInYourTrunk_v2.esp
Base: 1F568E:Starfield.esm
ProjectedDecal:
  WidthScale: 1
  HeightScale: 1
  UnknownFloat: 0.4
  UnknownInt: 2880154369
ProjectedDecalReferences:
- 2328D7:Starfield.esm
ConstrainedDecal: 3.0500026, 3.5399985, 2.5198402
Position: -1.5657659, -0.5910155, -1.3309345
Rotation: -0.4292692, -0.033750545, 1.5707964
