MutagenObjectType: PlacedObject
FormKey: 00214B:JunkInYourTrunk_v3.esm
Base: 099C86:Starfield.esm
ConstrainedDecal: 1.2400025, 1.11, 0.5
Position: 0.0025437977, 0.16454396, 0.40455908
Rotation: 0.9950492, 0, 6.2831855
