MutagenObjectType: PlacedObject
FormKey: 001859:JunkInYourTrunk_v3.esm
Base: 002210:JunkInYourTrunk_v3.esm
Rotation: 1.5707963, 3.1415925, 1.5707963
