MutagenObjectType: PlacedObject
FormKey: 0022CC:JunkInYourTrunk_v2.esp
Base: 099C80:Starfield.esm
ProjectedDecal:
  WidthScale: 1
  HeightScale: 1
  UnknownFloat: 0.2
  UnknownInt: 2880154369
ProjectedDecalReferences:
- 17AC69:Starfield.esm
ConstrainedDecal: 2.8000011, 2.2499998, 0.5
Position: 1.0020062, -1.5266023, 0.3180703
Rotation: -3.1415927, -1.346758, 1.5707964
