MutagenObjectType: PlacedObject
FormKey: 0022D8:JunkInYourTrunk_v2.esp
Base: 1F568E:Starfield.esm
ProjectedDecal:
  WidthScale: 1
  HeightScale: 1
  UnknownFloat: 0.6
  UnknownInt: 2880154369
ProjectedDecalReferences:
- 17AC69:Starfield.esm
ConstrainedDecal: 1.6299988, 1.8899999, 0.75
Position: 2.9989414, 1.5231011, 1.1916075
Rotation: -3.1415925, 0.5987839, 2.2979999
