MutagenObjectType: PlacedObject
FormKey: 0042F3:JunkInYourTrunk_v2.esp
Base: 1F5606:Starfield.esm
ProjectedDecal:
  WidthScale: 1
  HeightScale: 1
  UnknownFloat: 0.6
  UnknownInt: 2880154369
ProjectedDecalReferences:
- 05AE88:Starfield.esm
ConstrainedDecal: 2.7531939, 2.6176214, 0.386868
Position: -1.1, 2.8, 1.4
Rotation: 3.1415927, 0.00043706008, 0
