MutagenObjectType: PlacedObject
FormKey: 001F2D:JunkInYourTrunk_v2.esm
Base: 000800:ShipColorize.esm
Rotation: 3.1415927, -1.5707964, 3.1415927
