MutagenObjectType: PlacedObject
FormKey: 003700:JunkInYourTrunk_v2.esp
FormVersion: 559
Base: 1F5634:Starfield.esm
ReferenceGroup: 29DEC6:Starfield.esm
ProjectedDecal:
  WidthScale: 1
  HeightScale: 1
  UnknownFloat: 0.4
  UnknownInt: 2880154369
ProjectedDecalReferences:
- 0036DC:JunkInYourTrunk_v2.esp
- 0036DE:JunkInYourTrunk_v2.esp
- 0036DF:JunkInYourTrunk_v2.esp
- 0036DD:JunkInYourTrunk_v2.esp
ConstrainedDecal: 5.1100016, 6.750006, 2.6423848
Position: -3.0736842, 2.6223867, -0.05924785
Rotation: 1.6427766, -1.5698829, 4.669613
