MutagenObjectType: PlacedObject
FormKey: 003675:JunkInYourTrunk_v2.esm
FormVersion: 559
Base: 1F5634:Starfield.esm
ReferenceGroup: 29DE94:Starfield.esm
ProjectedDecal:
  WidthScale: 1
  HeightScale: 1
  UnknownFloat: 0.4
  UnknownInt: 2880154369
ProjectedDecalReferences:
- 003661:JunkInYourTrunk_v2.esm
- 003664:JunkInYourTrunk_v2.esm
- 003666:JunkInYourTrunk_v2.esm
- 003665:JunkInYourTrunk_v2.esm
ConstrainedDecal: 5.110002, 6.750006, 1.6024061
Position: -3.1405916, 0.88471645, 1.4212801
Rotation: -3.1415927, -0.18394345, -0
