MutagenObjectType: PlacedObject
FormKey: 00425B:JunkInYourTrunk_v2.esm
MajorRecordFlagsRaw: 256
StarfieldMajorRecordFlags:
- 0x100
Components:
- MutagenObjectType: ContactShadowComponent
  Items:
  - Unknown1: 0.009
    Unknown2: 3
    Unknown3: 10
    Unknown4: 0.2
    Unknown5: 0.06
Base: 0B6A20:Starfield.esm
Radius: -0.33569086
Lighting:
  Fade1PlusMinus: 0.5
  Unknown1: 2880154539
  Unknown2: 2880154368
Position: -1.3964614, 2.8623571, 2.3595743
Rotation: 0, 0.98174775, 0
