MutagenObjectType: PlacedObject
FormKey: 0042FE:JunkInYourTrunk_v2.esm
Base: 001E19:Starfield.esm
LinkedReferences:
- Reference: 00B0E5:Starfield.esm
IsLinkedRefTransient: True
Scale: 0.099999994
Position: 3.7623165, -3.3982306, -0.88075274
Rotation: -0.00025469298, 0.5265591, 3.1414642
