MutagenObjectType: PlacedObject
FormKey: 00239C:JunkInYourTrunk_v2.esm
FormVersion: 559
Base: 1F5607:Starfield.esm
ProjectedDecal:
  WidthScale: 1
  HeightScale: 1
  UnknownFloat: 0.261
  UnknownInt: 1
ProjectedDecalReferences:
- 002399:JunkInYourTrunk_v2.esm
ConstrainedDecal: 1.9367, 1.0241, 1.3402032
Position: 2.8102548, 0.052263305, 1.0338926
Rotation: 3.138465, 0.6168743, 6.2813764
