MutagenObjectType: PlacedObject
FormKey: 002426:JunkInYourTrunk_v2.esp
FormVersion: 559
Base: 1F5630:Starfield.esm
ReferenceGroup: 29DE80:Starfield.esm
ProjectedDecal:
  WidthScale: 1
  HeightScale: 1
  UnknownFloat: 0.2
  UnknownInt: 2880154369
ProjectedDecalReferences:
- 002412:JunkInYourTrunk_v2.esp
- 00240A:JunkInYourTrunk_v2.esp
- 002410:JunkInYourTrunk_v2.esp
- 00240E:JunkInYourTrunk_v2.esp
ConstrainedDecal: 4.980001, 5.4900045, 0.8178171
Position: -2.7706811, -2.3046422, 0.4010042
Rotation: -2.0899422, 1.5707964, 1.05165
