MutagenObjectType: PlacedObject
FormKey: 00242D:JunkInYourTrunk_v2.esp
FormVersion: 559
Base: 1F5634:Starfield.esm
ReferenceGroup: 29DE80:Starfield.esm
ProjectedDecal:
  WidthScale: 1
  HeightScale: 1
  UnknownFloat: 0.4
  UnknownInt: 2880154369
ProjectedDecalReferences:
- 002412:JunkInYourTrunk_v2.esp
- 00240A:JunkInYourTrunk_v2.esp
- 002410:JunkInYourTrunk_v2.esp
- 00240E:JunkInYourTrunk_v2.esp
ConstrainedDecal: 5.110002, 6.750006, 1.6024061
Position: -3.2235212, 0.9436908, 1.4566673
Rotation: -3.1415927, -0.18394345, -0
