MutagenObjectType: PlacedObject
FormKey: 00233B:JunkInYourTrunk_v2.esm
Base: 1F568E:Starfield.esm
ProjectedDecal:
  WidthScale: 1
  HeightScale: 1
  UnknownFloat: 0.4
  UnknownInt: 2880154369
ProjectedDecalReferences:
- 17AC51:Starfield.esm
ConstrainedDecal: 3.2399979, 3.3199987, 0.75
Position: 3.492108, 1.3777666, -3.0468676
Rotation: 2.3312266E-08, -0.09495175, 4.6165934
