MutagenObjectType: PlacedObject
FormKey: 002405:JunkInYourTrunk_v2.esp
FormVersion: 559
Base: 1F5630:Starfield.esm
ReferenceGroup: 29DE76:Starfield.esm
ProjectedDecal:
  WidthScale: 1
  HeightScale: 1
  UnknownFloat: 0.2
  UnknownInt: 2880154369
ProjectedDecalReferences:
- 0023E2:JunkInYourTrunk_v2.esp
- 0023E7:JunkInYourTrunk_v2.esp
- 0023E5:JunkInYourTrunk_v2.esp
- 0023E9:JunkInYourTrunk_v2.esp
ConstrainedDecal: 4.980001, 5.4900045, 0.8178171
Position: 0.2288132, -0.9197574, 0.019338131
Rotation: 1.5707964, -0, 4.712389
