MutagenObjectType: PlacedObject
FormKey: 004332:JunkInYourTrunk_v2.esm
Base: 1F564F:Starfield.esm
ProjectedDecal:
  WidthScale: 1
  HeightScale: 1
  UnknownFloat: 0.25
  UnknownInt: 2880154369
ProjectedDecalReferences:
- 237E2A:Starfield.esm
ConstrainedDecal: 2.2276, 2.5753, 3.2414885
Position: -2.885954, 0.07388941, 1
Rotation: 3.1415925, -0.8990011, 1.5707964
