MutagenObjectType: PlacedObject
FormKey: 00432E:JunkInYourTrunk_v2.esm
MajorRecordFlagsRaw: 256
StarfieldMajorRecordFlags:
- 0x100
Components:
- MutagenObjectType: ContactShadowComponent
  Items:
  - Unknown1: 0.009
    Unknown2: 3
    Unknown3: 10
    Unknown4: 0.2
    Unknown5: 0.06
Base: 0B6A20:Starfield.esm
Radius: -0.6073152
Lighting:
  Fade1PlusMinus: 0.5
  Unknown1: 2880154539
  Unknown2: 2880154368
LightArea:
  Data: 0x00000000000000000000000000000000
LightRoundedness:
  Data: 0x0000000000000000000000000000000001ABABAB
Position: 0.0037071798, -1.6108673, -1.3717844
Rotation: -3.1415927, -2.9802322E-08, 2.9802322E-08
