MutagenObjectType: PlacedObject
FormKey: 001F67:JunkInYourTrunk_v2.esm
Base: 099C86:Starfield.esm
ReferenceGroup: 08DC0D:Starfield.esm
ProjectedDecal:
  WidthScale: 1
  HeightScale: 1
  UnknownFloat: 0.5749999
  UnknownInt: 2880154369
ConstrainedDecal: 2.3600016, 0.9800004, 0.5
Position: 1.3393178, 1.7409905, -1.3587863
Rotation: 0, -0, 3.1415927
