MutagenObjectType: PlacedObject
FormKey: 002279:JunkInYourTrunk_v2.esm
Base: 099C8E:Starfield.esm
ProjectedDecal:
  WidthScale: 1
  HeightScale: 1
  UnknownFloat: 0.6
  UnknownInt: 2880154369
ProjectedDecalReferences:
- 232832:Starfield.esm
ConstrainedDecal: 2.8427267, 0.54000056, 0.5
Position: -7.42228, -2.2233493, -1.6865983
Rotation: -1.4653979E-07, -1.1509805, 4.711593
