MutagenObjectType: PlacedObject
FormKey: 00228D:JunkInYourTrunk_v2.esp
Base: 099C9B:Starfield.esm
ProjectedDecal:
  WidthScale: 1
  HeightScale: 1
  UnknownFloat: 0.6
  UnknownInt: 2880154369
ProjectedDecalReferences:
- 17AC79:Starfield.esm
ConstrainedDecal: 2.6699991, 2.8999975, 1.9637766
Position: 2.3251078, 2.5859382, 0.048644572
Rotation: -1.5707964, -0, 1.5707964
