MutagenObjectType: PlacedObject
FormKey: 000872:JIYTv2-ShipColorize-Patch.esm
Base: 000802:JIYTv2-ShipColorize-Patch.esm
Rotation: 0.24497865, 1.5707964, 3.3865716
