MutagenObjectType: PlacedObject
FormKey: 002454:JunkInYourTrunk_v2.esm
FormVersion: 559
Base: 1F5634:Starfield.esm
ReferenceGroup: 29DEC6:Starfield.esm
ProjectedDecal:
  WidthScale: 1
  HeightScale: 1
  UnknownFloat: 0.4
  UnknownInt: 2880154369
ProjectedDecalReferences:
- 002431:JunkInYourTrunk_v2.esm
- 002435:JunkInYourTrunk_v2.esm
- 002437:JunkInYourTrunk_v2.esm
- 002433:JunkInYourTrunk_v2.esm
ConstrainedDecal: 5.1100025, 6.750006, 2.9696646
Position: -2.908307, 0.95912325, 0.74560803
Rotation: 3.1415927, -0.18394345, 0
