MutagenObjectType: PlacedObject
FormKey: 002465:JunkInYourTrunk_v2.esm
FormVersion: 559
Base: 1F5634:Starfield.esm
ProjectedDecal:
  WidthScale: 1
  HeightScale: 1
  UnknownFloat: 0.4
  UnknownInt: 2880154369
ProjectedDecalReferences:
- 002431:JunkInYourTrunk_v2.esm
ConstrainedDecal: 5.1100016, 6.750006, 2.6423848
Position: 0.24917334, -1.4815649, -1.7578055
Rotation: -0, 0, 1.5707964
