MutagenObjectType: PlacedObject
FormKey: 002DB5:JunkInYourTrunk_v2.esp
Base: 1F568E:Starfield.esm
ProjectedDecal:
  WidthScale: 1
  HeightScale: 1
  UnknownFloat: 0.8
  UnknownInt: 2880154369
ProjectedDecalReferences:
- 1684C6:Starfield.esm
ConstrainedDecal: 6, 6.419999, 2.3463647
Position: 3.201818, 1.5342703, -1.1380974
Rotation: 0, 1.570308, 3.1415927
