MutagenObjectType: PlacedObject
FormKey: 0042CD:JunkInYourTrunk_v2.esp
MajorRecordFlagsRaw: 256
StarfieldMajorRecordFlags:
- 0x100
Components:
- MutagenObjectType: ContactShadowComponent
  Items:
  - Unknown1: 0.009
    Unknown2: 3
    Unknown3: 10
    Unknown4: 0.2
    Unknown5: 0.06
Base: 0B6A20:Starfield.esm
Lighting:
  Fade1PlusMinus: 0.5
  Unknown1: 2880154539
  Unknown2: 2880154368
Position: 0.38837066, 1.9692118, -2.2853513
Rotation: -3.1415925, -2.9802255E-08, 0
