MutagenObjectType: PlacedObject
FormKey: 002207:JunkInYourTrunk_v2.esm
Base: 1F568E:Starfield.esm
ProjectedDecal:
  WidthScale: 1
  HeightScale: 1
  UnknownFloat: 0.4
  UnknownInt: 2880154369
ProjectedDecalReferences:
- 237E30:Starfield.esm
ConstrainedDecal: 3.0500026, 3.5399985, 2.5198402
Position: -0.68927103, -2.2417018, 1.2529808
Rotation: 2.856723, 0.5091634, 3.75823
