MutagenObjectType: PlacedObject
FormKey: 00365E:JunkInYourTrunk_v2.esm
FormVersion: 559
Base: 1F5634:Starfield.esm
ReferenceGroup: 29DE80:Starfield.esm
ProjectedDecal:
  WidthScale: 1
  HeightScale: 1
  UnknownFloat: 0.4
  UnknownInt: 2880154369
ProjectedDecalReferences:
- 003644:JunkInYourTrunk_v2.esm
- 00363F:JunkInYourTrunk_v2.esm
- 003643:JunkInYourTrunk_v2.esm
- 003642:JunkInYourTrunk_v2.esm
ConstrainedDecal: 5.110002, 6.750006, 1.6024061
Position: -3.2235212, 0.9436908, 1.4566673
Rotation: -3.1415927, -0.18394345, -0
