MutagenObjectType: PlacedObject
FormKey: 0022FA:JunkInYourTrunk_v2.esp
Base: 1F5688:Starfield.esm
ProjectedDecal:
  WidthScale: 1
  HeightScale: 1
  UnknownFloat: 0.6
  UnknownInt: 2880154369
ProjectedDecalReferences:
- 17AC61:Starfield.esm
ConstrainedDecal: 2.3100019, 1.0200009, 0.75
Position: 2.0506332, -1.9491212, 1.299769
Rotation: -3.1415927, -0.29849848, 3.1415927
