MutagenObjectType: PlacedObject
FormKey: 002311:JunkInYourTrunk_v2.esp
Base: 1F5688:Starfield.esm
ProjectedDecal:
  WidthScale: 1
  HeightScale: 1
  UnknownFloat: 0.6
  UnknownInt: 2880154369
ProjectedDecalReferences:
- 17AC61:Starfield.esm
ConstrainedDecal: 2.3100019, 1.0200009, 0.75
Position: 1.3214893, 1.2210006, -0.84019506
Rotation: -0, -1.0444604, 3.1415927
