MutagenObjectType: PlacedObject
FormKey: 00230A:JunkInYourTrunk_v2.esp
Base: 099C8A:Starfield.esm
ProjectedDecal:
  WidthScale: 1
  HeightScale: 1
  UnknownFloat: 0.6
  UnknownInt: 2880154369
ProjectedDecalReferences:
- 17AC61:Starfield.esm
ConstrainedDecal: 0.9827265, 0.58000076, 0.5
Position: 1.9090428, -0.9809699, -1.2773191
Rotation: 0, -0.2988537, 4.712389
