MutagenObjectType: PlacedObject
FormKey: 002223:JunkInYourTrunk_v3.esm
Base: 1F5674:Starfield.esm
ProjectedDecal:
  WidthScale: 1
  HeightScale: 1
  UnknownFloat: 0.2
  UnknownInt: 2880154369
ProjectedDecalReferences:
- 192035:Starfield.esm
ConstrainedDecal: 2.960001, 2.6300013, 2
Position: -2.9202216, 0.4935698, -1.754239
Rotation: -0.15198341, -1.0161169, 1.4878772
