MutagenObjectType: PlacedObject
FormKey: 002238:JunkInYourTrunk_v3.esm
Base: 1F5688:Starfield.esm
ProjectedDecal:
  WidthScale: 1
  HeightScale: 1
  UnknownFloat: 0.6
  UnknownInt: 2880154369
ProjectedDecalReferences:
- 192035:Starfield.esm
ConstrainedDecal: 4, 2, 0.75
Position: -0.10041217, -1.9138963, 2.9458218
Rotation: 2.749701, 0.0748075, 0.006796433
