MutagenObjectType: PlacedObject
FormKey: 002224:JunkInYourTrunk_v3.esm
Base: 1F5688:Starfield.esm
ProjectedDecal:
  WidthScale: 1
  HeightScale: 1
  UnknownFloat: 0.6
  UnknownInt: 2880154369
ProjectedDecalReferences:
- 192035:Starfield.esm
ConstrainedDecal: 4, 2, 0.75
Position: -0.5062422, -1.8880609, -2.9003334
Rotation: 0.40111625, -0.21533678, 3.059796
