MutagenObjectType: PlacedObject
FormKey: 00222A:JunkInYourTrunk_v3.esm
Base: 1F5688:Starfield.esm
ProjectedDecal:
  WidthScale: 1
  HeightScale: 1
  UnknownFloat: 0.6
  UnknownInt: 2880154369
ProjectedDecalReferences:
- 192035:Starfield.esm
ConstrainedDecal: 4, 2, 0.75
Position: -2.60859, 1.8948667, -1.3735918
Rotation: -0.8233615, -1.0223651, 0.7348183
