MutagenObjectType: PlacedObject
FormKey: 00223C:JunkInYourTrunk_v3.esm
Base: 1F5688:Starfield.esm
ProjectedDecal:
  WidthScale: 1
  HeightScale: 1
  UnknownFloat: 0.6
  UnknownInt: 2880154369
ProjectedDecalReferences:
- 192035:Starfield.esm
ConstrainedDecal: 4, 2, 0.75
Position: -1.9176967, 0.047933787, 2.8619153
Rotation: -3.0480683, -0.5475525, 6.234394
