MutagenObjectType: PlacedObject
FormKey: 001F2D:JunkInYourTrunk_v3.esm
Base: 0D2839:Starfield.esm
Rotation: 3.1415927, -1.5707964, 3.1415927
