MutagenObjectType: PlacedObject
FormKey: 0021DB:JunkInYourTrunk_v3.esm
Base: 1F5650:Starfield.esm
ProjectedDecal:
  WidthScale: 1
  HeightScale: 1
  UnknownFloat: 0.2
  UnknownInt: 1
ProjectedDecalReferences:
- 01533D:Starfield.esm
ConstrainedDecal: 4.4562225, 4, 6.1192474
Layer: 24EEC1:Starfield.esm
Position: 2.6422136, -0.22384664, -0.46993023
Rotation: 5.4002015E-08, -0.80579704, 1.5707964
