MutagenObjectType: PlacedObject
FormKey: 0021E2:JunkInYourTrunk_v3.esm
Base: 099C90:Starfield.esm
ProjectedDecal:
  WidthScale: 1
  HeightScale: 1
  UnknownFloat: 0.4
  UnknownInt: 2880154369
ProjectedDecalReferences:
- 01533D:Starfield.esm
ConstrainedDecal: 2.1799946, 0.39000192, 1.1309682
Position: 1.0001185, -0.2354849, 0.34605917
Rotation: 3.1415927, -1.4730854, 1.5707965
