MutagenObjectType: PlacedObject
FormKey: 002387:JunkInYourTrunk_v2.esp
Base: 09811C:Starfield.esm
Scale: 0.64
Position: 2.2108479, 0.87952054, -1.4316635
Rotation: 2.8125339, -0.00052451534, 1.5707964
