MutagenObjectType: PlacedObject
FormKey: 0022A0:JunkInYourTrunk_v2.esp
Base: 099C9B:Starfield.esm
ProjectedDecal:
  WidthScale: 1
  HeightScale: 1
  UnknownFloat: 0.6
  UnknownInt: 2880154369
ProjectedDecalReferences:
- 002299:JunkInYourTrunk_v2.esp
ConstrainedDecal: 2.6699991, 2.8999975, 1.9637766
Position: -0.4838187, 2.5857134, -0.0070753396
Rotation: -1.5707964, 0, 3.1415927
